400
1	2	5		1	3	55		1	4	45		3	5	64		5	6	0
4	7	26		6	8	-28		4	9	27		5	10	-48		2	11	-63
1	12	88		9	12	22		11	12	97		7	13	-83		7	14	-92
8	15	-8		12	15	6		13	15	-21		14	15	21		8	16	-11
10	16	-75		2	17	92		8	17	-80		10	17	11		2	18	19
17	19	89		11	20	-91		18	21	-73		10	22	-51		7	23	-87
3	24	60		2	25	96		17	25	99		20	25	77		2	26	17
6	26	71		7	27	-70		13	27	-29		5	28	-6		15	28	40
19	28	35		24	29	16		26	29	-32		27	30	76		4	31	-77
7	31	45		23	31	47		18	32	-52		23	32	84		24	32	94
13	33	66		12	34	-27		23	34	-31		8	35	-57		9	36	-9
18	36	88		28	36	88		2	37	31		7	37	58		18	38	78
18	39	42		35	39	34		1	40	88		9	40	18		16	40	70
19	40	-40		16	41	89		33	41	17		38	41	1		17	42	-55
31	42	23		28	43	38		29	43	-37		10	44	18		40	44	17
13	45	34		33	45	9		4	46	53		8	46	-94		4	47	94
11	47	97		2	48	-17		13	48	46		16	49	-72		26	49	-70
42	49	97		27	50	12		48	50	86		40	51	31		41	51	36
14	52	-43		15	52	79		40	52	81		33	53	68		44	53	13
51	53	47		2	54	-56		19	54	-4		46	54	32		9	55	-89
20	55	-6		53	55	-92		14	56	-10		21	56	-74		24	57	-63
35	57	20		48	57	43		56	57	64		18	58	-65		35	59	14
37	59	10		4	60	-72		6	60	-6		18	60	24		3	61	-57
46	61	-64		51	61	-99		57	61	86		25	62	53		26	62	33
43	63	-60		46	63	81		8	64	-53		21	64	92		43	64	85
2	65	67		28	65	93		29	65	7		47	65	-2		55	65	52
60	65	38		47	66	71		52	66	22		29	67	34		45	67	95
19	68	-47		32	68	32		51	68	85		55	68	23		57	68	27
17	69	-7		18	69	10		23	69	-1		35	69	97		8	70	-43
15	70	12		60	70	80		61	70	55		21	71	-48		28	71	67
44	71	28		57	71	30		9	72	98		25	72	87		67	72	40
6	73	-58		9	73	94		45	73	9		43	74	-53		50	74	-99
65	74	95		17	75	22		33	75	-74		45	76	11		47	76	40
5	77	-3		22	77	-38		70	77	29		72	77	70		19	78	36
39	78	51		73	78	13		31	79	-20		43	79	19		60	79	8
76	79	25		4	80	47		33	80	25		61	80	9		68	80	-19
79	80	70		18	81	-15		45	81	-29		13	82	-60		57	82	74
2	83	73		16	83	-44		40	83	-84		78	83	71		60	84	-80
15	85	49		81	85	-38		4	86	28		8	86	99		9	86	30
13	86	82		24	86	0		43	86	33		50	86	3		64	86	77
85	86	-41		14	87	-78		41	87	-73		70	87	-9		77	87	15
84	87	62		6	88	39		30	88	-61		41	88	98		48	88	62
63	88	57		77	88	62		15	89	-44		32	89	-15		38	89	-52
43	89	47		55	89	23		59	89	2		66	89	81		72	89	34
81	89	4		4	90	64		51	90	5		82	90	80		13	91	-69
32	91	-99		48	91	-41		58	91	-19		65	91	-69		77	91	22
31	92	14		57	92	54		84	93	-18		88	93	71		2	94	83
8	94	60		9	94	90		23	94	59		50	94	31		4	95	84
20	95	18		29	95	-77		34	95	-49		21	96	-16		27	96	71
63	96	51		94	96	89		33	97	63		40	97	-90		52	97	61
80	97	55		12	98	0		63	98	74		48	99	87		67	99	74
76	99	62		88	99	88		82	100	-11		30	101	-23		40	101	19
65	101	51		78	101	74		80	101	63		11	102	0		73	102	-85
83	102	-63		91	102	91		11	103	-8		15	103	37		29	103	69
54	103	54		63	103	18		78	103	99		1	104	0		36	104	96
50	104	75		90	104	78		14	105	-43		20	105	96		25	105	-57
75	105	58		88	105	23		10	106	-50		44	106	-80		53	106	-17
72	106	40		88	106	42		17	107	-31		21	107	-40		8	108	19
17	108	-13		23	108	41		28	108	-43		39	108	95		89	108	74
101	108	11		102	108	93		4	109	17		16	109	19		40	109	56
63	109	37		77	109	-85		89	109	46		104	109	67		31	110	83
42	110	8		60	110	21		89	110	29		105	110	15		33	111	-50
43	111	-97		93	111	88		19	112	20		42	112	80		65	112	30
93	112	47		26	113	-92		66	113	-86		71	113	-63		4	114	-47
13	115	43		25	115	93		37	115	57		37	116	5		59	116	91
79	116	-60		83	116	4		10	117	48		35	117	38		66	117	87
79	117	-45		95	117	-68		110	117	30		22	118	-8		43	118	41
79	118	48		95	118	4		107	118	29		21	119	98		25	119	62
65	119	54		9	120	34		11	120	17		19	120	29		80	120	39
119	120	80		19	121	79		26	121	51		100	121	16		114	121	90
17	122	55		23	122	79		31	122	30		63	122	51		76	122	88
77	122	-23		85	122	28		92	122	16		31	123	-7		42	123	54
74	123	-90		84	123	-79		114	123	56		10	124	37		27	124	11
76	124	36		82	124	73		14	125	-85		56	125	-86		73	125	-66
88	125	18		95	125	-84		122	125	28		92	126	89		95	126	42
105	126	63		14	127	-56		49	127	51		60	127	26		92	127	63
5	128	-97		70	128	24		111	128	-68		18	129	-77		31	129	-68
37	129	70		89	129	86		107	129	8		110	129	17		3	130	-44
6	130	-72		10	130	-54		49	130	90		95	130	50		1	131	-24
52	131	-50		53	131	-33		77	131	73		108	131	-76		120	131	48
6	132	15		31	132	73		43	132	17		50	132	37		106	132	-25
51	133	-52		55	133	25		59	133	18		74	133	51		75	133	48
108	133	85		124	133	87		13	134	-2		79	134	23		93	134	85
121	134	99		62	135	-70		64	135	0		75	135	-48		79	135	-95
91	135	40		93	135	64		100	135	20		127	135	78		17	136	25
34	136	-80		55	136	37		72	136	24		76	136	-39		117	136	61
124	136	16		130	136	55		14	137	-91		23	137	16		33	137	83
53	137	56		108	137	24		112	137	-91		118	137	0		3	138	-98
64	138	11		132	138	8		137	138	17		37	139	83		66	139	51
75	139	65		122	139	85		123	139	53		33	140	19		103	140	86
128	140	84		11	141	84		97	141	-5		107	141	32		118	141	33
43	142	76		61	142	-49		108	142	99		118	142	99		119	142	-65
129	142	66		1	143	74		83	143	56		116	143	-65		117	143	19
1	144	56		37	144	20		49	144	70		97	144	62		127	144	81
128	144	46		18	145	24		23	145	-65		68	145	91		131	145	35
34	146	-44		43	146	25		124	146	60		128	146	86		130	146	86
136	146	76		20	147	-32		36	147	-56		58	147	-36		62	147	-45
69	147	-3		79	147	-65		83	147	36		106	147	62		116	147	28
134	147	94		142	147	0		55	148	37		114	148	94		120	148	60
6	149	51		71	149	-79		74	149	-1		93	149	44		109	149	-37
119	149	98		121	149	64		137	149	20		103	150	-23		106	150	12
135	150	73		38	151	-97		51	151	21		77	151	96		86	151	-89
94	151	-99		120	151	94		129	151	40		130	151	34		133	151	6
6	152	38		25	152	-80		66	152	-74		86	152	-31		116	152	25
16	153	-37		44	153	2		68	153	22		123	153	38		128	153	37
145	153	71		27	154	24		44	154	95		107	154	22		141	154	51
18	155	91		24	155	76		36	155	-17		37	155	54		47	155	24
59	155	3		88	155	65		109	155	18		3	156	-45		60	156	-63
77	156	-23		27	157	40		29	157	36		30	157	-81		31	157	84
81	157	-65		107	157	60		116	157	74		141	157	25		153	157	10
11	158	82		12	158	-91		14	158	18		57	158	47		99	158	-35
110	158	-64		153	158	70		157	158	22		12	159	-76		14	159	27
30	159	-77		39	159	-53		47	159	77		57	159	68		58	159	-94
14	160	99		57	160	5		103	160	49		115	160	3		10	161	45
26	161	38		44	161	-77		83	161	59		20	162	97		28	162	-41
55	162	-32		94	162	-24		117	162	21		118	162	93		137	162	89
148	162	48		9	163	-77		31	163	-64		58	163	-22		107	163	-60
117	163	-39		3	164	-65		42	164	47		73	164	67		114	164	38
123	164	76		143	164	-87		53	165	-11		78	165	-13		84	165	34
85	165	23		151	165	94		34	166	-54		53	166	81		55	166	92
79	166	19		94	166	-92		109	166	16		110	166	67		111	166	0
150	166	52		165	166	22		76	167	-10		83	167	-11		98	167	-46
133	167	92		142	167	90		33	168	47		64	168	-79		94	168	92
107	168	90		134	168	24		157	168	42		31	169	-60		64	169	-6
85	169	48		88	169	13		94	169	16		136	169	-58		24	170	33
76	170	85		83	170	42		95	170	76		112	170	9		142	170	40
167	170	63		10	171	4		34	171	45		64	171	13		74	171	66
98	171	97		146	171	-16		151	171	-99		10	172	91		52	172	88
73	172	78		88	172	8		5	173	-31		17	173	-9		63	173	35
68	173	26		86	173	-78		87	173	-76		88	173	9		131	173	7
154	173	49		2	174	54		17	174	95		61	174	-5		107	174	20
113	174	-4		132	174	91		144	174	46		157	174	66		172	174	59
17	175	82		35	175	81		73	175	63		75	175	42		78	175	16
102	175	21		145	175	62		160	175	60		12	176	0		36	176	-2
81	176	21		109	176	84		165	176	56		51	177	-90		59	177	-65
83	177	10		124	177	91		157	177	92		170	177	34		172	177	4
39	178	-92		42	178	72		83	178	46		138	178	-30		172	178	73
10	179	83		28	179	-48		85	179	97		111	179	76		138	179	-92
15	180	-84		37	180	-33		52	180	86		58	180	7		86	180	-25
109	180	1		123	180	81		127	180	11		18	181	-55		33	181	79
49	181	60		57	181	-62		107	181	18		120	181	-60		129	181	26
141	181	-1		143	181	98		36	182	-18		61	182	-81		87	182	27
120	182	4		142	182	76		156	182	57		48	183	-91		62	183	-45
90	183	-34		163	183	77		172	183	15		9	184	-88		10	184	90
22	184	-16		27	184	38		50	184	58		62	184	-53		75	184	48
82	184	-84		112	184	61		152	184	57		180	184	23		4	185	1
10	185	17		17	185	34		71	185	-87		87	185	80		101	185	0
118	185	28		140	185	71		175	185	65		6	186	-46		21	186	84
24	186	93		54	186	0		59	186	64		124	186	78		128	186	91
162	186	9		32	187	-88		37	187	66		56	187	89		76	187	37
83	187	29		108	187	81		121	187	85		182	187	53		186	187	62
51	188	99		67	188	21		78	188	45		122	188	-11		140	188	31
19	189	-71		54	189	-93		55	189	-32		71	189	38		83	189	2
98	189	32		127	189	-99		176	189	2		186	189	80		19	190	94
70	190	45		110	190	89		133	190	76		159	190	31		161	190	54
10	191	-65		47	191	-26		73	191	54		103	191	5		104	191	-83
119	191	-17		123	191	92		50	192	89		74	192	-13		76	192	24
87	192	62		123	192	58		129	192	-20		132	192	12		140	192	61
160	192	83		161	192	89		169	192	-92		178	192	44		20	193	-32
51	193	62		95	193	-57		97	193	25		175	193	-62		9	194	16
39	194	20		111	194	-88		127	194	79		9	195	40		12	195	-34
56	195	44		81	195	50		97	195	78		98	195	67		112	195	9
126	195	-66		131	195	36		150	195	26		168	195	58		192	195	58
128	196	35		138	196	56		26	197	-35		27	197	-21		37	197	51
80	197	58		85	197	42		106	197	54		136	197	10		141	197	-95
16	198	-62		34	198	70		52	198	6		84	198	66		85	198	41
142	198	7		12	199	-13		48	199	96		78	199	30		124	199	49
144	199	-41		146	199	-62		167	199	10		184	199	93		24	200	-99
60	200	-58		177	200	-11		41	201	33		43	201	42		57	201	-72
65	201	-49		72	201	18		76	201	49		80	201	70		81	201	37
88	201	38		98	201	60		110	201	46		130	201	-30		139	201	-58
173	201	11		30	202	-28		60	202	-43		109	202	-40		121	202	99
125	202	-59		126	202	26		143	202	37		17	203	-78		72	203	56
89	203	93		107	203	0		110	203	56		143	203	81		148	203	23
171	203	85		176	203	55		188	203	18		11	204	-49		19	204	77
41	204	75		75	204	34		79	204	14		92	204	23		120	204	30
131	204	69		175	204	15		182	204	19		194	204	44		23	205	0
61	205	74		74	205	-4		80	205	62		152	205	46		168	205	3
3	206	-59		26	206	-63		35	206	96		57	206	1		65	206	-51
128	206	78		197	206	51		3	207	1		21	207	28		53	207	-78
71	207	98		84	207	84		119	207	99		145	207	-19		161	207	-8
12	208	-29		82	208	-86		191	208	-73		3	209	-48		70	209	-77
83	209	87		126	209	99		135	209	59		175	209	3		189	209	83
190	209	-57		24	210	-71		26	210	-58		43	210	93		64	210	-74
103	210	13		108	210	-9		150	210	23		37	211	-85		161	211	58
209	211	53		18	212	0		48	212	-21		57	212	78		60	212	30
66	212	-51		100	212	-62		146	212	-14		164	212	93		175	212	4
182	212	41		200	212	28		209	212	16		7	213	-64		22	213	-36
46	213	-8		54	213	-25		92	213	60		109	213	55		114	213	-20
131	213	23		133	213	34		145	213	22		165	213	-7		170	213	34
178	213	63		211	213	35		13	214	66		66	214	-18		105	214	-77
110	214	42		145	214	85		163	214	44		194	214	66		9	215	31
66	215	4		81	215	48		97	215	-92		106	215	56		174	215	89
10	216	-90		24	216	70		51	216	48		69	216	-17		89	216	-89
100	216	-99		103	216	54		121	216	99		126	216	20		148	216	-57
159	216	74		173	216	77		207	216	80		209	216	60		18	217	-80
20	217	-22		39	217	94		58	217	-48		68	217	-14		145	217	85
181	217	-71		210	217	15		42	218	76		52	218	-40		68	218	32
88	218	28		89	218	73		124	218	38		212	218	2		32	219	-33
36	219	37		47	219	70		70	219	82		77	219	-31		98	219	16
102	219	-91		125	219	50		181	219	-91		7	220	-53		44	220	-96
46	220	24		54	220	90		58	220	80		89	220	90		121	220	38
143	220	93		169	220	41		177	220	91		214	220	61		16	221	-82
34	221	90		42	221	53		44	221	61		55	221	47		83	221	22
165	221	43		198	221	50		219	221	66		5	222	-90		27	222	96
42	222	98		83	222	96		106	222	44		119	222	61		154	222	15
183	222	-85		210	222	62		18	223	-7		22	223	21		63	223	92
79	223	13		119	223	65		128	223	-38		156	223	-39		179	223	-6
183	223	30		192	223	9		83	224	-53		87	224	8		91	224	51
115	224	69		128	224	-31		154	224	19		164	224	-63		190	224	0
204	224	-32		46	225	13		49	225	40		98	225	-66		131	225	-8
138	225	-75		203	225	1		209	225	90		9	226	-59		37	226	77
43	226	59		139	226	-3		152	226	2		166	226	81		167	226	-93
202	226	43		4	227	-2		44	227	12		57	227	62		81	227	98
116	227	-80		155	227	95		188	227	6		216	227	24		219	227	40
16	228	-46		18	228	-93		28	228	48		31	228	-62		51	228	38
54	228	15		64	228	68		123	228	77		141	228	3		180	228	-64
183	228	52		199	228	50		205	228	91		27	229	85		45	229	-91
70	229	-12		76	229	65		117	229	20		166	229	63		173	229	9
207	229	49		219	229	52		220	229	44		10	230	-69		70	230	-56
100	230	1		130	230	76		159	230	93		207	230	40		219	230	37
11	231	-41		73	231	-34		86	231	-77		123	231	98		203	231	35
230	231	3		15	232	-58		24	232	16		35	232	39		36	232	40
53	232	50		140	232	42		191	232	-80		211	232	-84		213	232	86
19	233	85		53	233	97		81	233	61		85	233	95		103	233	19
120	233	-82		150	233	74		166	233	19		205	233	-29		216	233	36
223	233	93		8	234	-49		14	234	-19		45	234	-47		50	234	18
58	234	-39		68	234	16		167	234	62		191	234	68		14	235	59
27	235	6		47	235	33		93	235	-85		101	235	-39		134	235	46
155	235	25		169	235	60		188	235	34		87	236	56		129	236	29
196	236	34		16	237	16		24	237	13		37	237	55		51	237	-97
52	237	87		58	237	25		60	237	54		61	237	89		125	237	86
168	237	75		199	237	86		13	238	87		16	238	81		17	238	-46
20	238	24		29	238	-31		48	238	74		53	238	39		91	238	48
161	238	20		164	238	72		202	238	48		234	238	56		63	239	-38
117	239	-18		139	239	62		148	239	18		172	239	57		187	239	29
210	239	-14		211	239	-12		226	239	60		23	240	-18		38	240	-56
80	240	-70		123	240	88		126	240	53		131	240	97		139	240	1
140	240	50		209	240	94		19	241	83		31	241	-15		56	241	-45
72	241	14		84	241	66		91	241	55		93	241	40		99	241	-1
126	241	81		147	241	-46		180	241	20		193	241	-90		39	242	77
93	242	78		99	242	-21		121	242	42		138	242	-92		193	242	-34
10	243	3		26	243	9		64	243	13		68	243	45		145	243	50
159	243	35		169	243	7		170	243	-99		171	243	-22		188	243	66
190	243	-84		219	243	-25		40	244	0		57	244	-96		98	244	-16
163	244	-63		168	244	-81		186	244	-31		219	244	22		221	244	28
227	244	-50		1	245	-22		10	245	-22		39	245	54		52	245	46
82	245	-55		94	245	-4		103	245	-16		118	245	62		122	245	-35
135	245	39		162	245	-36		163	245	82		186	245	6		228	245	41
234	245	84		239	245	29		243	245	27		26	246	65		38	246	80
67	246	-3		99	246	-97		239	246	26		17	247	-56		65	247	-54
118	247	-23		147	247	51		157	247	90		186	247	85		225	247	13
5	248	-15		6	248	-27		30	248	99		53	248	51		55	248	15
71	248	90		75	248	-24		86	248	99		136	248	-66		154	248	54
242	248	54		10	249	38		23	249	-12		39	249	13		64	249	30
108	249	46		167	249	77		3	250	-49		45	250	47		70	250	31
116	250	-7		143	250	-45		153	250	79		196	250	75		197	250	-54
206	250	31		236	250	13		8	251	51		32	251	-99		35	251	76
95	251	-71		156	251	98		163	251	69		171	251	-80		216	251	24
32	252	-80		45	252	24		87	252	28		103	252	96		124	252	80
147	252	54		160	252	-48		170	252	87		171	252	30		175	252	-30
183	252	38		187	252	31		202	252	19		210	252	-58		211	252	-35
233	252	62		18	253	-26		101	253	81		114	253	-76		124	253	86
160	253	-23		167	253	89		185	253	21		10	254	22		21	254	0
23	254	50		29	254	85		55	254	93		93	254	-61		96	254	-31
160	254	46		168	254	30		172	254	79		193	254	48		212	254	58
15	255	56		21	255	24		70	255	53		148	255	21		172	255	50
201	255	-39		234	255	-18		126	256	0		130	256	-17		138	256	9
164	256	43		231	256	3		8	257	24		16	257	72		22	257	74
85	257	7		86	257	72		109	257	97		138	257	42		158	257	-40
159	257	69		164	257	11		194	257	-30		201	257	4		208	257	-29
39	258	-95		64	258	-73		86	258	90		125	258	-51		253	258	-62
257	258	32		37	259	93		142	259	-75		162	259	47		173	259	-2
184	259	35		188	259	35		223	259	0		3	260	-40		57	260	50
58	260	4		91	260	-26		107	260	-49		122	260	21		150	260	19
167	260	5		183	260	51		197	260	92		218	260	70		220	260	-77
224	260	-18		226	260	-30		242	260	11		46	261	51		61	261	43
69	261	38		80	261	-98		138	261	62		166	261	61		179	261	80
180	261	21		199	261	56		231	261	60		242	261	96		45	262	76
83	262	27		119	262	-98		193	262	20		209	262	95		212	262	41
242	262	3		261	262	83		107	263	-57		138	263	12		189	263	-19
202	263	89		217	263	-61		19	264	-42		38	264	-15		45	264	-41
63	264	58		73	264	40		77	264	-40		111	264	-40		145	264	34
160	264	49		172	264	98		178	264	47		186	264	8		191	264	81
211	264	-44		5	265	52		11	265	7		13	265	66		30	265	-87
33	265	53		79	265	65		88	265	70		106	265	33		219	265	9
231	265	84		263	265	46		7	266	-19		27	266	18		33	266	18
52	266	66		78	266	0		163	266	15		194	266	4		11	267	42
46	267	-10		51	267	-79		91	267	-33		114	267	-89		132	267	61
159	267	58		172	267	92		185	267	68		42	268	-46		70	268	75
97	268	79		139	268	-68		192	268	1		245	268	14		64	269	40
98	269	39		100	269	-45		102	269	-66		104	269	-29		127	269	-47
246	269	-82		12	270	-74		37	270	88		43	270	56		62	270	-78
64	270	61		81	270	-20		84	270	-53		112	270	98		215	270	39
18	271	-27		32	271	-10		36	271	22		44	271	89		58	271	76
210	271	56		222	271	-88		230	271	-4		23	272	3		42	272	56
110	272	0		170	272	-54		171	272	79		192	272	99		204	272	-33
256	272	-9		268	272	86		6	273	-3		53	273	-39		65	273	28
93	273	4		100	273	19		103	273	-18		167	273	54		173	273	93
184	273	24		192	273	37		5	274	-70		46	274	40		50	274	96
94	274	-10		147	274	40		164	274	10		174	274	29		192	274	9
201	274	37		244	274	77		258	274	2		262	274	86		12	275	-1
36	275	53		97	275	33		134	275	92		174	275	67		205	275	96
218	275	48		231	275	67		255	275	-50		257	275	8		258	275	98
13	276	-17		49	276	-15		99	276	74		137	276	-76		209	276	32
236	276	59		244	276	81		15	277	-77		77	277	3		87	277	22
131	277	69		158	277	47		162	277	-91		9	278	99		18	278	99
35	278	27		76	278	71		103	278	77		142	278	-82		151	278	50
162	278	11		207	278	-15		212	278	24		229	278	-72		255	278	25
269	278	-88		5	279	30		40	279	-12		52	279	49		56	279	53
57	279	2		71	279	-73		80	279	62		102	279	59		133	279	75
155	279	41		167	279	-77		195	279	-35		232	279	70		236	279	92
266	279	-81		270	279	80		63	280	18		74	280	-54		108	280	99
140	280	99		145	280	43		158	280	8		173	280	81		206	280	50
229	280	14		238	280	-16		249	280	42		272	280	40		10	281	66
37	281	-48		41	281	-91		79	281	39		96	281	-97		114	281	53
132	281	87		151	281	6		172	281	28		201	281	55		228	281	-71
232	281	7		277	281	56		10	282	91		107	282	92		141	282	99
236	282	74		273	282	51		77	283	-90		122	283	-66		141	283	-77
157	283	-58		225	283	-90		243	283	-99		251	283	-82		252	283	-25
20	284	-87		36	284	-16		45	284	48		73	284	77		76	284	16
95	284	-45		104	284	-94		121	284	21		163	284	80		179	284	32
209	284	97		233	284	62		256	284	78		269	284	97		1	285	-14
79	285	21		95	285	-11		111	285	64		117	285	15		175	285	4
183	285	46		191	285	3		263	285	-76		9	286	-52		38	286	-20
48	286	-14		72	286	-53		79	286	-98		96	286	-36		97	286	19
143	286	61		173	286	73		191	286	76		209	286	19		214	286	-42
217	286	-40		219	286	-60		275	286	2		6	287	20		25	287	-60
44	287	81		88	287	97		92	287	-10		183	287	87		200	287	-10
218	287	85		249	287	52		256	287	17		7	288	-55		106	288	-55
110	288	-33		189	288	83		194	288	-27		52	289	3		54	289	-20
78	289	39		187	289	99		200	289	49		285	289	1		39	290	-3
41	290	71		78	290	54		100	290	21		106	290	92		109	290	-44
144	290	-94		155	290	99		164	290	-73		166	290	95		188	290	0
189	290	24		191	290	44		193	290	-65		242	290	85		263	290	69
6	291	8		36	291	94		59	291	32		120	291	-34		128	291	77
167	291	55		179	291	86		227	291	-74		266	291	92		33	292	14
52	292	90		65	292	86		89	292	-26		128	292	37		140	292	-47
154	292	27		166	292	99		191	292	87		211	292	2		229	292	4
241	292	67		248	292	29		287	292	95		1	293	75		8	293	72
55	293	92		112	293	31		113	293	-86		117	293	1		149	293	0
191	293	99		204	293	-16		218	293	34		248	293	67		268	293	-4
20	294	16		21	294	73		28	294	-98		38	294	53		40	294	-83
57	294	60		96	294	12		118	294	-94		155	294	18		168	294	83
187	294	43		209	294	72		226	294	-18		243	294	-76		3	295	95
50	295	96		51	295	-15		59	295	93		80	295	5		111	295	92
139	295	6		218	295	94		227	295	-20		242	295	95		15	296	46
43	296	99		63	296	-20		83	296	-96		123	296	81		215	296	-64
216	296	0		269	296	34		288	296	23		17	297	-55		50	297	-16
149	297	-42		185	297	22		192	297	38		198	297	-16		1	298	-13
15	298	92		57	298	17		144	298	3		173	298	7		233	298	42
242	298	50		244	298	35		247	298	-72		296	298	94		1	299	14
6	299	88		58	299	10		62	299	-44		106	299	-90		110	299	-34
125	299	91		196	299	84		218	299	87		245	299	-32		281	299	84
297	299	74		298	299	31		12	300	-70		14	300	-29		25	300	41
49	300	25		52	300	46		85	300	-51		105	300	-1		180	300	46
184	300	43		186	300	-48		212	300	84		234	300	81		258	300	-13
12	301	-22		20	301	51		115	301	95		118	301	4		119	301	-37
215	301	-46		224	301	15		257	301	-39		18	302	97		24	302	-25
37	302	9		137	302	52		197	302	39		205	302	40		9	303	93
46	303	38		50	303	95		138	303	89		155	303	90		202	303	93
222	303	31		249	303	91		111	304	54		155	304	32		167	304	38
173	304	10		189	304	93		195	304	-72		245	304	2		275	304	-70
13	305	10		32	305	-5		136	305	-71		172	305	45		279	305	-53
295	305	-86		300	305	1		61	306	-41		93	306	59		109	306	89
134	306	-84		144	306	65		152	306	58		177	306	-39		194	306	94
216	306	-22		226	306	-19		264	306	-41		25	307	76		67	307	-32
80	307	61		100	307	52		117	307	50		130	307	62		158	307	63
168	307	61		177	307	77		220	307	27		257	307	18		268	307	99
16	308	21		32	308	22		34	308	44		94	308	-53		121	308	67
149	308	9		163	308	23		188	308	-24		236	308	-42		257	308	81
306	308	90		7	309	-43		29	309	-21		101	309	-96		138	309	41
155	309	61		219	309	50		247	309	-2		257	309	83		278	309	22
288	309	-65		297	309	97		7	310	-60		107	310	-35		135	310	-99
145	310	37		21	311	19		52	311	58		91	311	-28		124	311	-75
125	311	21		131	311	18		141	311	-11		160	311	13		166	311	-75
188	311	76		197	311	2		219	311	5		22	312	34		46	312	55
62	312	77		82	312	-99		102	312	61		117	312	81		155	312	82
164	312	66		253	312	54		256	312	-70		257	312	1		273	312	53
308	312	44		17	313	-64		41	313	16		51	313	19		52	313	28
84	313	-23		94	313	-99		129	313	99		132	313	94		165	313	91
166	313	9		192	313	-58		217	313	67		241	313	-43		243	313	22
246	313	81		252	313	-99		3	314	-60		12	314	-59		27	314	-50
28	314	-9		35	314	-67		85	314	26		115	314	99		119	314	71
127	314	90		141	314	56		166	314	8		176	314	-58		190	314	-9
204	314	48		207	314	-45		219	314	42		241	314	96		280	314	70
288	314	90		9	315	-4		21	315	20		59	315	-67		136	315	-34
143	315	-13		159	315	-99		172	315	87		181	315	99		236	315	74
259	315	11		276	315	-4		296	315	64		61	316	66		142	316	70
159	316	76		195	316	-5		315	316	99		14	317	-11		18	317	-9
29	317	80		53	317	-28		93	317	31		100	317	55		114	317	-32
120	317	-8		123	317	11		136	317	59		221	317	-16		238	317	62
247	317	49		290	317	59		296	317	14		1	318	-84		15	318	17
25	318	94		31	318	-89		127	318	39		140	318	62		154	318	-13
166	318	36		213	318	-33		239	318	0		248	318	9		288	318	96
1	319	94		11	319	77		43	319	-71		57	319	48		148	319	84
268	319	91		283	319	-85		10	320	-3		37	320	56		58	320	-39
127	320	43		130	320	99		216	320	-84		227	320	36		234	320	6
258	320	99		260	320	-63		298	320	0		17	321	95		20	321	75
78	321	65		80	321	35		125	321	74		130	321	11		149	321	84
154	321	73		203	321	0		210	321	20		236	321	53		248	321	18
249	321	95		270	321	-15		32	322	-18		40	322	90		63	322	53
121	322	8		131	322	71		132	322	4		184	322	-84		190	322	-35
224	322	88		248	322	91		254	322	71		257	322	90		261	322	99
275	322	95		304	322	-28		306	322	67		316	322	22		317	322	28
38	323	13		46	323	77		59	323	98		87	323	82		121	323	5
133	323	82		151	323	36		233	323	92		36	324	-68		97	324	87
142	324	-44		217	324	-53		239	324	-56		241	324	51		278	324	20
316	324	96		17	325	18		48	325	30		128	325	-96		136	325	38
164	325	68		191	325	39		223	325	67		300	325	67		324	325	9
47	326	-96		94	326	56		98	326	-96		164	326	7		185	326	-47
209	326	53		224	326	91		281	326	34		287	326	4		319	326	35
5	327	21		18	327	-17		20	327	81		85	327	-96		126	327	54
148	327	37		159	327	90		190	327	73		197	327	27		207	327	-54
244	327	74		253	327	88		266	327	20		280	327	13		295	327	69
311	327	88		314	327	4		326	327	74		7	328	-75		8	328	50
61	328	26		71	328	47		137	328	24		214	328	-55		289	328	-36
298	328	-89		322	328	42		9	329	54		10	329	50		34	329	34
74	329	-56		116	329	-89		137	329	44		143	329	15		200	329	52
210	329	7		213	329	72		246	329	2		258	329	91		268	329	41
278	329	28		297	329	55		309	329	47		324	329	56		325	329	29
32	330	40		40	330	68		45	330	41		46	330	3		47	330	-38
51	330	39		62	330	35		75	330	-64		92	330	-62		104	330	-68
105	330	-93		131	330	35		136	330	-91		170	330	-83		218	330	1
293	330	75		300	330	73		48	331	81		50	331	-95		58	331	32
79	331	-70		86	331	39		139	331	61		244	331	97		260	331	20
262	331	-75		24	332	-2		45	332	6		50	332	96		54	332	-1
225	332	74		228	332	64		254	332	17		258	332	-17		285	332	-42
302	332	94		314	332	35		61	333	-23		86	333	4		119	333	86
123	333	17		138	333	31		143	333	57		144	333	-68		153	333	69
185	333	66		200	333	44		214	333	78		232	333	63		234	333	11
240	333	-57		274	333	-21		279	333	-60		281	333	82		300	333	91
31	334	-18		42	334	-64		51	334	38		55	334	-46		74	334	36
78	334	80		89	334	-66		103	334	-66		105	334	-5		161	334	-85
217	334	23		300	334	3		312	334	94		332	334	43		27	335	-19
38	335	-81		41	335	72		75	335	94		99	335	5		121	335	67
128	335	-40		169	335	-78		6	336	-18		13	336	-49		58	336	10
83	336	0		159	336	27		194	336	36		203	336	-74		222	336	95
302	336	93		328	336	44		53	337	-71		95	337	-92		109	337	29
119	337	89		164	337	12		174	337	-53		216	337	73		261	337	-66
287	337	7		289	337	-40		18	338	-38		62	338	-37		64	338	11
69	338	8		110	338	-51		162	338	-64		176	338	-73		184	338	31
198	338	25		202	338	67		314	338	75		316	338	80		39	339	-73
61	339	24		99	339	96		139	339	-91		145	339	91		170	339	22
179	339	-76		189	339	24		237	339	-77		238	339	-76		269	339	27
7	340	-48		9	340	74		38	340	5		73	340	23		87	340	89
163	340	0		179	340	92		300	340	98		305	340	-94		316	340	34
10	341	47		11	341	40		14	341	-47		17	341	12		70	341	3
95	341	50		102	341	81		128	341	13		153	341	98		188	341	88
231	341	37		244	341	54		279	341	87		284	341	68		288	341	21
307	341	-81		10	342	-70		24	342	-2		58	342	67		89	342	8
101	342	0		111	342	-98		113	342	-2		145	342	87		250	342	-99
257	342	-80		265	342	73		268	342	81		305	342	67		4	343	-84
72	343	-46		118	343	-63		130	343	97		148	343	38		155	343	80
165	343	-20		215	343	-54		218	343	70		240	343	56		295	343	4
337	343	63		43	344	-19		67	344	-18		78	344	22		106	344	-40
118	344	1		155	344	90		170	344	55		172	344	21		175	344	-21
203	344	0		230	344	-55		259	344	35		332	344	41		333	344	36
22	345	-58		32	345	-42		66	345	-52		91	345	-57		101	345	2
106	345	64		164	345	38		231	345	50		233	345	93		283	345	52
328	345	48		47	346	-62		49	346	-64		74	346	87		141	346	-74
222	346	-16		236	346	83		284	346	27		294	346	1		298	346	91
4	347	-35		20	347	90		33	347	-39		46	347	78		57	347	27
88	347	-89		93	347	-89		210	347	14		224	347	59		231	347	1
235	347	16		237	347	-91		262	347	33		303	347	21		328	347	30
30	348	0		45	348	2		53	348	30		102	348	-15		241	348	44
266	348	76		272	348	-63		284	348	74		325	348	23		335	348	33
17	349	16		25	349	78		104	349	-45		133	349	-16		142	349	44
181	349	54		195	349	-27		298	349	82		308	349	-26		309	349	40
319	349	16		331	349	51		34	350	-5		54	350	-21		74	350	71
107	350	86		121	350	23		146	350	-26		177	350	24		183	350	34
239	350	-63		244	350	99		249	350	-41		266	350	3		302	350	25
303	350	37		330	350	89		84	351	76		109	351	50		120	351	78
153	351	57		163	351	-77		179	351	99		205	351	69		234	351	74
235	351	52		276	351	37		281	351	89		300	351	40		306	351	0
312	351	14		16	352	97		17	352	94		38	352	37		57	352	37
72	352	-89		101	352	45		105	352	42		126	352	-52		137	352	80
158	352	12		178	352	3		209	352	84		258	352	99		304	352	60
21	353	-94		45	353	89		163	353	-36		175	353	-97		208	353	-9
216	353	90		252	353	42		260	353	29		287	353	82		307	353	44
11	354	-79		25	354	29		44	354	23		71	354	-19		82	354	-75
96	354	-72		101	354	11		103	354	65		177	354	81		205	354	46
222	354	8		251	354	-10		338	354	90		353	354	5		46	355	57
90	355	-12		103	355	62		106	355	90		131	355	-63		154	355	-62
160	355	-61		161	355	-83		194	355	63		209	355	39		234	355	-53
239	355	31		278	355	-8		314	355	90		1	356	0		13	356	-75
40	356	99		53	356	-95		116	356	-78		189	356	48		209	356	77
233	356	68		238	356	7		242	356	40		270	356	-32		34	357	68
46	357	97		86	357	33		99	357	99		133	357	43		135	357	44
161	357	87		261	357	1		316	357	8		328	357	27		10	358	72
68	358	-50		77	358	71		142	358	5		144	358	-74		169	358	67
171	358	-34		181	358	99		231	358	81		250	358	15		279	358	50
282	358	-7		308	358	35		326	358	75		332	358	13		5	359	75
53	359	60		115	359	43		137	359	87		186	359	34		203	359	96
216	359	43		250	359	89		273	359	-68		292	359	67		294	359	37
327	359	-21		345	359	26		17	360	-98		41	360	-5		102	360	-22
119	360	75		129	360	-32		160	360	20		256	360	14		291	360	-48
84	361	73		109	361	88		137	361	83		156	361	-64		323	361	-13
340	361	-28		347	361	34		35	362	-97		57	362	16		58	362	60
67	362	-71		84	362	57		87	362	44		89	362	99		106	362	8
114	362	31		120	362	96		178	362	61		187	362	7		202	362	48
221	362	-11		265	362	19		279	362	-50		289	362	-73		304	362	84
38	363	64		73	363	17		117	363	-11		121	363	24		146	363	-9
171	363	-52		174	363	-22		223	363	-52		242	363	80		248	363	-99
302	363	-74		321	363	56		330	363	57		351	363	67		12	364	-55
18	364	-64		41	364	69		49	364	83		55	364	-82		58	364	38
113	364	-39		143	364	92		171	364	63		193	364	95		219	364	0
262	364	-46		266	364	69		299	364	87		302	364	66		306	364	72
313	364	-8		346	364	-87		2	365	-12		29	365	62		89	365	15
134	365	0		159	365	33		206	365	75		218	365	90		252	365	54
279	365	-26		358	365	83		34	366	97		40	366	54		55	366	96
58	366	99		71	366	53		72	366	-93		90	366	-46		194	366	79
200	366	50		238	366	24		241	366	5		253	366	26		304	366	86
306	366	59		316	366	54		334	366	7		354	366	4		43	367	-61
71	367	46		138	367	-19		154	367	48		174	367	-60		287	367	44
293	367	-75		318	367	38		360	367	6		366	367	96		6	368	-74
116	368	-1		166	368	92		203	368	41		207	368	-40		277	368	78
281	368	3		286	368	19		314	368	82		4	369	53		24	369	88
102	369	3		134	369	-31		161	369	34		195	369	-79		202	369	91
232	369	62		238	369	11		253	369	82		255	369	-30		261	369	37
302	369	33		329	369	-62		342	369	-43		348	369	17		14	370	1
34	370	55		43	370	-52		53	370	51		62	370	9		108	370	-77
149	370	46		152	370	-58		224	370	99		322	370	82		331	370	43
341	370	21		40	371	-64		69	371	54		96	371	20		100	371	52
125	371	-4		141	371	36		171	371	-52		315	371	-22		321	371	82
339	371	-63		353	371	36		367	371	45		21	372	-11		28	372	1
103	372	-44		141	372	92		173	372	7		336	372	98		338	372	-21
343	372	-24		350	372	62		16	373	95		19	373	-99		51	373	-62
90	373	-95		105	373	-8		123	373	0		127	373	-5		138	373	47
153	373	44		173	373	79		224	373	24		239	373	-48		264	373	12
307	373	-70		312	373	-82		314	373	85		345	373	-63		354	373	1
25	374	48		74	374	81		80	374	-88		87	374	32		96	374	45
108	374	45		114	374	52		161	374	75		185	374	-9		191	374	-55
193	374	33		232	374	-28		239	374	91		328	374	52		333	374	-38
338	374	44		12	375	-61		27	375	5		29	375	56		36	375	52
67	375	-50		126	375	69		170	375	66		224	375	93		226	375	-57
229	375	-26		236	375	-69		241	375	24		311	375	-4		341	375	94
66	376	-27		69	376	94		77	376	17		128	376	-27		233	376	-85
237	376	14		249	376	1		305	376	98		312	376	-74		322	376	-73
346	376	-35		363	376	-12		79	377	-18		99	377	97		128	377	-63
139	377	50		175	377	-14		182	377	-45		188	377	43		204	377	87
259	377	65		329	377	51		346	377	93		373	377	78		30	378	-7
87	378	33		156	378	-38		161	378	37		186	378	65		203	378	56
242	378	43		276	378	87		295	378	62		316	378	71		365	378	78
83	379	-58		98	379	44		111	379	40		165	379	38		169	379	-45
170	379	81		222	379	81		248	379	62		268	379	-19		312	379	90
353	379	70		365	379	47		40	380	-25		43	380	20		52	380	57
139	380	48		173	380	32		188	380	31		194	380	93		200	380	95
245	380	-46		252	380	97		301	380	75		306	380	1		312	380	26
348	380	99		360	380	-17		361	380	86		114	381	81		146	381	-98
149	381	72		169	381	-30		172	381	79		245	381	35		257	381	-45
277	381	82		322	381	87		353	381	51		361	381	75		375	381	95
380	381	60		33	382	-6		59	382	-77		88	382	11		108	382	68
124	382	-60		157	382	-37		167	382	-97		227	382	68		278	382	-2
290	382	-39		343	382	-43		361	382	32		380	382	66		7	383	-31
10	383	-21		28	383	80		52	383	22		86	383	-79		98	383	17
166	383	12		183	383	-39		212	383	-70		232	383	81		269	383	13
360	383	51		379	383	49		382	383	84		15	384	-80		45	384	1
78	384	99		147	384	-13		154	384	90		157	384	39		166	384	28
172	384	19		236	384	-32		277	384	70		291	384	9		357	384	-85
370	384	99		21	385	-13		50	385	-99		58	385	-85		69	385	57
149	385	83		153	385	41		194	385	51		202	385	-92		271	385	-66
300	385	58		306	385	81		350	385	75		356	385	27		366	385	-35
30	386	-48		50	386	14		191	386	4		235	386	52		245	386	93
258	386	71		271	386	51		278	386	30		300	386	76		40	387	-73
51	387	-24		55	387	17		61	387	0		113	387	-56		141	387	94
210	387	58		225	387	20		250	387	76		259	387	21		305	387	-31
335	387	34		337	387	96		343	387	20		6	388	81		9	388	-90
46	388	29		85	388	57		98	388	54		114	388	49		140	388	91
142	388	37		165	388	-5		169	388	98		182	388	14		205	388	57
217	388	-38		234	388	47		237	388	64		242	388	56		248	388	38
335	388	24		25	389	14		75	389	40		91	389	82		94	389	-93
159	389	73		200	389	7		306	389	38		313	389	-59		317	389	-43
346	389	-66		22	390	-78		35	390	-61		39	390	82		43	390	16
85	390	23		109	390	-82		165	390	99		203	390	71		220	390	-20
277	390	53		305	390	3		324	390	80		56	391	0		89	391	71
120	391	-54		179	391	32		190	391	-8		210	391	21		226	391	89
289	391	10		338	391	32		387	391	6		16	392	25		42	392	22
55	392	85		147	392	27		154	392	3		173	392	58		221	392	-67
235	392	29		267	392	-98		321	392	-44		337	392	63		346	392	34
3	393	-7		69	393	17		93	393	76		107	393	16		174	393	-20
182	393	36		224	393	18		227	393	57		320	393	44		371	393	41
377	393	32		386	393	55		62	394	46		81	394	99		105	394	-8
145	394	-8		172	394	63		185	394	-75		206	394	16		227	394	81
280	394	-25		371	394	95		393	394	29		65	395	-72		81	395	93
100	395	31		126	395	63		134	395	-42		138	395	5		145	395	-3
154	395	24		172	395	82		176	395	-50		187	395	69		278	395	42
290	395	-90		298	395	46		383	395	68		389	395	61		6	396	50
28	396	73		98	396	4		111	396	25		152	396	83		326	396	-9
361	396	47		19	397	-35		50	397	2		64	397	-33		91	397	84
95	397	-63		170	397	-90		223	397	-7		227	397	67		242	397	38
289	397	66		292	397	48		295	397	-46		22	398	76		24	398	18
96	398	7		109	398	10		118	398	52		143	398	59		171	398	83
208	398	-57		221	398	-58		268	398	-18		324	398	6		350	398	34
367	398	-82		395	398	52		68	399	-39		94	399	-25		138	399	59
145	399	-30		184	399	8		233	399	24		235	399	70		291	399	26
293	399	-29		303	399	37		310	399	7		20	400	-15		31	400	70
34	400	98		37	400	80		45	400	41		87	400	91		108	400	95
128	400	-21		195	400	-90		227	400	48		235	400	87		239	400	15
277	400	88		280	400	3		293	400	33		310	400	29		352	400	-88
